{
 "names": [
  "Claude judge",
  "GPT judge",
  "Claude metric",
  "GPT metric",
  "Disruption",
  "Citations"
 ],
 "matrix": [
  [
   1.0,
   0.7,
   0.32,
   0.41,
   -0.29,
   0.46
  ],
  [
   0.7,
   1.0,
   0.11,
   0.19,
   0.05,
   0.53
  ],
  [
   0.32,
   0.11,
   1.0,
   0.22,
   -0.27,
   0.18
  ],
  [
   0.41,
   0.19,
   0.22,
   1.0,
   -0.17,
   0.21
  ],
  [
   -0.29,
   0.05,
   -0.27,
   -0.17,
   1.0,
   0.12
  ],
  [
   0.46,
   0.53,
   0.18,
   0.21,
   0.12,
   1.0
  ]
 ],
 "n": 27
}